name: qutip_repro
channels:
  - conda-forge
  - defaults
dependencies:
  - _libavif_api=1.3.0
  - aom=3.9.1
  - brotli=1.2.0
  - brotli-bin=1.2.0
  - bzip2=1.0.8
  - ca-certificates=2026.1.4
  - cairo=1.18.4
  - contourpy=1.3.1
  - cycler=0.12.1
  - dav1d=1.2.1
  - expat=2.7.4
  - fontconfig=2.15.0
  - fonttools=4.61.1
  - freeglut=3.8.0
  - freetype=2.14.1
  - fribidi=1.0.16
  - graphite2=1.3.14
  - harfbuzz=10.2.0
  - icu=73.2
  - jpeg=9e
  - kiwisolver=1.4.9
  - lcms2=2.17
  - lerc=4.0.0
  - libabseil=20260107.0
  - libavif=1.3.0
  - libavif16=1.3.0
  - libblas=3.11.0
  - libbrotlicommon=1.2.0
  - libbrotlidec=1.2.0
  - libbrotlienc=1.2.0
  - libcblas=3.11.0
  - libclang13=21.1.8
  - libdeflate=1.22
  - libevent=2.1.12
  - libexpat=2.7.4
  - libffi=3.4.4
  - libfreetype=2.14.1
  - libfreetype6=2.14.1
  - libglib=2.86.3
  - libhwloc=2.12.1
  - libiconv=1.18
  - libkrb5=1.22.1
  - liblapack=3.11.0
  - libopenjpeg=2.5.4
  - libpng=1.6.54
  - libpq=17.6
  - libre2-11=2025.11.05
  - libtiff=4.7.1
  - libwebp-base=1.6.0
  - libwinpthread=12.0.0.r4.gg4f2fc60ca
  - libxml2=2.13.9
  - libxslt=1.1.43
  - libzlib=1.3.1
  - llvm-openmp=21.1.8
  - matplotlib=3.10.8
  - matplotlib-base=3.10.8
  - mkl=2025.3.0
  - munkres=1.1.4
  - mysql-common=9.3.0
  - mysql-libs=9.3.0
  - numpy=2.2.6
  - openssl=3.6.1
  - packaging=25.0
  - pandas=2.3.3
  - pcre2=10.46
  - pillow=12.0.0
  - pip=25.3
  - pixman=0.46.4
  - pyparsing=3.3.2
  - pyside6=6.9.2
  - python=3.10.19
  - python-dateutil=2.9.0.post0
  - python-tzdata=2025.3
  - python_abi=3.10
  - pytz=2025.2
  - qhull=2020.2
  - qtbase=6.9.2
  - qtdeclarative=6.9.2
  - qtshadertools=6.9.2
  - qtsvg=6.9.2
  - qttools=6.9.2
  - qtwebchannel=6.9.2
  - qtwebengine=6.9.2
  - qtwebsockets=6.9.2
  - qutip=5.2.3
  - rav1e=0.7.1
  - re2=2025.11.05
  - scipy=1.15.2
  - setuptools=80.10.2
  - six=1.17.0
  - snappy=1.2.2
  - sqlite=3.51.1
  - svt-av1=4.0.0
  - tbb=2022.3.0
  - tk=8.6.15
  - tornado=6.5.4
  - tzdata=2025c
  - ucrt=10.0.22621.0
  - unicodedata2=17.0.0
  - vc=14.3
  - vc14_runtime=14.44.35208
  - vs2015_runtime=14.44.35208
  - wheel=0.46.3
  - xz=5.6.4
  - zlib=1.3.1
  - zstd=1.5.7
prefix: C:\Users\81582\anaconda3\envs\qutip_repro
